36 36
8 9
9 8
9 10
10 6
10 7
10 8
10 10
11 5
11 10
11 11
11 13
12 5
12 7
12 8
12 12
12 13
12 20
12 21
13 4
13 5
13 7
13 9
13 10
13 20
13 22
14 9
14 11
14 12
14 13
14 14
14 15
14 22
14 25
14 27
14 28
15 2
15 4
15 5
15 7
15 8
15 10
15 16
15 21
15 22
15 24
15 26
15 27
15 29
16 5
16 6
16 12
16 13
16 14
16 15
16 24
16 29
17 0
17 4
17 6
17 9
17 13
17 15
17 20
17 21
17 23
17 25
17 26
17 27
17 28
17 30
17 31
18 0
18 4
18 6
18 9
18 10
18 12
18 14
18 15
18 17
18 18
18 23
18 25
18 30
18 32
19 5
19 6
19 10
19 11
19 12
19 14
19 15
19 17
19 19
19 20
19 21
19 23
19 26
19 27
19 28
19 32
20 2
20 4
20 5
20 7
20 8
20 10
20 11
20 25
20 27
20 30
20 32
20 34
20 35
21 11
21 18
21 20
21 22
21 24
21 27
21 28
21 30
21 32
21 34
22 4
22 5
22 7
22 9
22 11
22 12
22 19
22 20
22 22
22 24
22 26
22 30
22 32
22 34
23 5
23 7
23 8
23 10
23 13
23 21
23 23
23 24
23 27
23 28
23 29
23 30
23 32
23 33
24 5
24 10
24 12
24 21
24 25
24 26
25 4
25 5
25 10
25 11
25 20
25 21
25 25
25 28
26 27
26 28
