64 64
25 3
25 6
25 9
25 12
25 15
25 18
25 21
25 24
25 27
25 30
25 33
25 36
25 39
25 42
25 45
25 48
25 51
25 54
25 57
25 60
26 3
26 4
26 5
26 6
26 7
26 8
26 9
26 10
26 11
26 12
26 13
26 14
26 15
26 16
26 17
26 18
26 19
26 20
26 21
26 22
26 23
26 24
26 25
26 26
26 27
26 28
26 29
26 30
26 31
26 32
26 33
26 34
26 35
26 36
26 37
26 38
26 39
26 40
26 41
26 42
26 43
26 44
26 45
26 46
26 47
26 48
26 49
26 50
26 51
26 52
26 53
26 54
26 55
26 56
26 57
26 58
26 59
26 60
28 1
28 2
28 3
28 4
28 5
28 6
28 7
28 8
28 9
28 10
28 11
28 12
28 13
28 14
28 15
28 16
28 17
28 18
28 19
28 20
28 21
28 22
28 23
28 24
28 25
28 26
28 27
28 28
28 29
28 30
28 31
28 32
28 33
28 34
28 35
28 36
28 37
28 38
28 39
28 40
28 41
28 42
28 43
28 44
28 45
28 46
28 47
28 48
28 49
28 50
28 51
28 52
28 53
28 54
28 55
28 56
28 57
28 58
28 59
28 60
28 61
28 62
29 0
29 34
29 42
29 53
29 63
30 0
30 1
30 2
30 3
30 5
30 6
30 8
30 11
30 12
30 13
30 14
30 15
30 18
30 19
30 20
30 21
30 22
30 23
30 24
30 25
30 26
30 27
30 28
30 29
30 30
30 31
30 32
30 37
30 38
30 39
30 40
30 41
30 46
30 47
30 48
30 49
30 50
30 51
30 52
30 56
30 57
30 58
30 59
30 60
30 61
30 62
30 63
31 4
31 8
31 9
31 15
31 16
31 24
31 32
31 41
31 54
32 0
32 1
32 2
32 3
32 4
32 5
32 8
32 11
32 12
32 13
32 14
32 15
32 18
32 19
32 20
32 21
32 22
32 27
32 28
32 29
32 30
32 31
32 32
32 37
32 38
32 39
32 40
32 41
32 46
32 47
32 48
32 49
32 50
32 51
32 52
32 56
32 57
32 58
32 59
32 60
32 61
32 62
32 63
33 0
33 23
33 33
33 42
33 53
33 63
34 1
34 2
34 3
34 4
34 5
34 6
34 7
34 8
34 9
34 10
34 11
34 12
34 13
34 14
34 15
34 16
34 17
34 18
34 19
34 20
34 21
34 22
34 23
34 24
34 25
34 26
34 27
34 28
34 29
34 30
34 31
34 32
34 33
34 34
34 35
34 36
34 37
34 38
34 39
34 40
34 41
34 42
34 43
34 44
34 45
34 46
34 47
34 48
34 49
34 50
34 51
34 52
34 53
34 54
34 55
34 56
34 57
34 58
34 59
34 60
34 61
34 62
36 3
36 4
36 5
36 6
36 7
36 8
36 9
36 10
36 11
36 12
36 13
36 14
36 15
36 16
36 17
36 18
36 19
36 20
36 21
36 22
36 23
36 24
36 25
36 26
36 27
36 28
36 29
36 30
36 31
36 32
36 33
36 34
36 35
36 36
36 37
36 38
36 39
36 40
36 41
36 42
36 43
36 44
36 45
36 46
36 47
36 48
36 49
36 50
36 51
36 52
36 53
36 54
36 55
36 56
36 57
36 58
36 59
36 60
37 3
37 6
37 9
37 12
37 15
37 18
37 21
37 24
37 27
37 30
37 33
37 36
37 39
37 42
37 45
37 48
37 51
37 54
37 57
37 60
