31 31
9 10
10 10
10 26
10 27
11 6
11 7
11 9
11 11
11 12
11 13
11 24
11 25
11 29
12 0
12 2
12 3
12 5
12 6
12 8
12 9
12 12
12 14
12 18
12 19
12 21
12 22
12 23
12 24
13 0
13 4
13 5
13 8
13 10
13 11
13 14
13 15
13 16
13 19
13 21
13 22
13 25
13 26
13 30
14 0
14 2
14 3
14 8
14 9
14 10
14 12
14 14
14 15
14 16
14 23
14 24
14 27
15 8
15 9
15 11
15 27
15 30
16 0
16 2
16 3
16 8
16 9
16 10
16 12
16 14
16 15
16 16
16 23
16 24
16 27
17 0
17 4
17 5
17 8
17 10
17 11
17 14
17 15
17 16
17 19
17 21
17 22
17 25
17 26
17 30
18 0
18 2
18 3
18 5
18 6
18 8
18 9
18 12
18 14
18 18
18 19
18 21
18 22
18 23
18 24
19 6
19 7
19 9
19 11
19 12
19 13
19 24
19 25
19 29
20 10
20 26
20 27
21 10
