36 65
2 32
3 30
3 32
4 20
4 21
4 28
4 29
4 42
4 43
5 19
5 23
5 28
5 29
5 42
5 43
6 8
6 9
6 18
6 24
6 28
6 29
7 8
7 9
7 18
7 22
7 24
7 25
7 30
7 32
8 18
8 24
8 32
9 19
9 23
10 20
10 21
18 41
18 42
18 44
18 45
18 47
19 42
19 44
19 46
19 47
20 42
20 44
21 43
21 44
22 35
22 36
23 35
23 38
23 40
23 41
24 37
24 38
24 40
25 38
25 40
25 46
25 47
25 49
26 37
26 40
26 41
26 42
26 46
26 48
26 49
27 38
27 39
27 43
28 40
28 41
28 42
28 43
29 40
30 38
30 40
30 42
30 43
31 38
31 39
31 42
32 42
32 44
33 43
33 44
