42 84
3 7
3 13
3 28
3 34
3 49
3 55
3 70
3 76
4 7
4 13
4 28
4 34
4 49
4 55
4 70
4 76
5 7
5 8
5 12
5 13
5 28
5 29
5 33
5 34
5 49
5 50
5 54
5 55
5 70
5 71
5 75
5 76
7 3
7 4
7 5
7 8
7 9
7 11
7 12
7 15
7 16
7 17
7 24
7 25
7 26
7 29
7 30
7 32
7 33
7 36
7 37
7 38
7 45
7 46
7 47
7 50
7 51
7 53
7 54
7 57
7 58
7 59
7 66
7 67
7 68
7 71
7 72
7 74
7 75
7 78
7 79
7 80
8 5
8 7
8 9
8 11
8 13
8 15
8 26
8 28
8 30
8 32
8 34
8 36
8 47
8 49
8 51
8 53
8 55
8 57
8 68
8 70
8 72
8 74
8 76
8 78
9 7
9 8
9 12
9 13
9 28
9 29
9 33
9 34
9 49
9 50
9 54
9 55
9 70
9 71
9 75
9 76
11 7
11 8
11 12
11 13
11 28
11 29
11 33
11 34
11 49
11 50
11 54
11 55
11 70
11 71
11 75
11 76
12 5
12 7
12 9
12 11
12 13
12 15
12 26
12 28
12 30
12 32
12 34
12 36
12 47
12 49
12 51
12 53
12 55
12 57
12 68
12 70
12 72
12 74
12 76
12 78
13 3
13 4
13 5
13 8
13 9
13 11
13 12
13 15
13 16
13 17
13 24
13 25
13 26
13 29
13 30
13 32
13 33
13 36
13 37
13 38
13 45
13 46
13 47
13 50
13 51
13 53
13 54
13 57
13 58
13 59
13 66
13 67
13 68
13 71
13 72
13 74
13 75
13 78
13 79
13 80
15 7
15 8
15 12
15 13
15 28
15 29
15 33
15 34
15 49
15 50
15 54
15 55
15 70
15 71
15 75
15 76
16 7
16 13
16 28
16 34
16 49
16 55
16 70
16 76
17 7
17 13
17 28
17 34
17 49
17 55
17 70
17 76
24 7
24 13
24 28
24 34
24 49
24 55
24 70
24 76
25 7
25 13
25 28
25 34
25 49
25 55
25 70
25 76
26 7
26 8
26 12
26 13
26 28
26 29
26 33
26 34
26 49
26 50
26 54
26 55
26 70
26 71
26 75
26 76
28 3
28 4
28 5
28 8
28 9
28 11
28 12
28 15
28 16
28 17
28 24
28 25
28 26
28 29
28 30
28 32
28 33
28 36
28 37
28 38
28 45
28 46
28 47
28 50
28 51
28 53
28 54
28 57
28 58
28 59
28 66
28 67
28 68
28 71
28 72
28 74
28 75
28 78
28 79
28 80
29 5
29 7
29 9
29 11
29 13
29 15
29 26
29 28
29 30
29 32
29 34
29 36
29 47
29 49
29 51
29 53
29 55
29 57
29 68
29 70
29 72
29 74
29 76
29 78
30 7
30 8
30 12
30 13
30 28
30 29
30 33
30 34
30 49
30 50
30 54
30 55
30 70
30 71
30 75
30 76
32 7
32 8
32 12
32 13
32 28
32 29
32 33
32 34
32 49
32 50
32 54
32 55
32 70
32 71
32 75
32 76
33 5
33 7
33 9
33 11
33 13
33 15
33 26
33 28
33 30
33 32
33 34
33 36
33 47
33 49
33 51
33 53
33 55
33 57
33 68
33 70
33 72
33 74
33 76
33 78
34 3
34 4
34 5
34 8
34 9
34 11
34 12
34 15
34 16
34 17
34 24
34 25
34 26
34 29
34 30
34 32
34 33
34 36
34 37
34 38
34 45
34 46
34 47
34 50
34 51
34 53
34 54
34 57
34 58
34 59
34 66
34 67
34 68
34 71
34 72
34 74
34 75
34 78
34 79
34 80
36 7
36 8
36 12
36 13
36 28
36 29
36 33
36 34
36 49
36 50
36 54
36 55
36 70
36 71
36 75
36 76
37 7
37 13
37 28
37 34
37 49
37 55
37 70
37 76
38 7
38 13
38 28
38 34
38 49
38 55
38 70
38 76
