48 48
0 21
0 22
0 27
0 28
1 21
1 23
1 26
1 28
2 23
2 26
3 22
3 27
4 22
4 27
5 22
5 27
6 24
6 25
6 31
6 32
7 31
7 32
7 33
8 31
8 32
8 34
9 33
9 35
10 25
10 26
10 27
10 32
10 35
11 33
11 34
12 9
12 10
12 23
12 29
13 8
13 11
13 23
13 29
14 6
14 9
14 11
14 23
14 29
15 10
16 6
16 8
16 9
16 25
16 26
16 27
17 7
17 13
18 13
19 0
19 1
19 13
20 0
20 3
20 4
20 5
21 1
21 2
21 9
21 10
21 11
21 15
21 16
21 17
21 46
21 47
22 6
22 42
22 43
22 44
22 47
23 6
23 13
23 45
23 46
24 1
24 2
24 13
24 22
24 41
25 0
25 3
25 4
25 5
25 13
25 20
25 21
25 23
25 24
25 37
25 41
26 0
26 1
26 22
26 35
26 36
26 38
26 39
26 45
26 46
27 37
27 42
27 43
27 44
27 47
28 46
28 47
30 38
30 40
31 20
31 21
31 22
31 41
32 37
32 40
33 18
33 24
33 36
33 38
33 40
34 18
34 24
34 36
34 39
35 18
35 24
35 37
35 38
36 13
36 14
37 12
37 15
37 20
37 21
37 22
38 12
38 14
38 16
39 13
39 15
39 16
39 17
40 15
40 16
40 17
41 22
41 23
42 20
42 25
43 20
43 25
44 20
44 25
45 21
45 24
46 19
46 21
46 24
46 26
47 19
47 20
47 25
47 26
